2023 3 80
2023 5 50
2023 7 60
2023 7 30
2023 8 60
2023 10 90
2024 1 50
2024 2 60
2024 3 70
2024 3 100
2024 4 80
2024 4 70
2024 5 100
2024 5 90
2024 5 150
2024 6 80
2024 6 60
2024 5 20
2024 5 0
2024 5 10
2024 5 150
2024 5 0
2024 5 35
2024 5 40
2024 5 70
2024 5 70
2024 5 40
2024 5 25
2024 5 0
2024 5 0
2024 5 40
2024 5 20
2024 5 45
2024 5 25
2024 5 35
2024 5 165
2024 5 295
2024 5 335
2024 5 80
2024 5 55
2024 5 55
2024 5 40
2024 5 40
2024 5 125
2024 5 0
2024 5 10
2024 5 55
2024 5 130
2024 5 70
2024 5 105
2024 5 0
2024 5 0
2024 5 25
2024 5 25
2024 5 70
2024 5 45
2024 5 25
2024 5 65
2024 5 85
2024 5 25
2024 5 30
2024 5 45
2024 5 25
2024 5 25
2024 5 60
